 10 random U(0,1):
  0.68006733199581504     
  0.72306491900235415     
  0.92913515074178576     
  0.21534700458869338     
   3.4525691997259855E-002
  0.67681203410029411     
  0.80045049730688334     
  0.37133622542023659     
  0.92346967849880457     
  0.57904626289382577     
 10 random integers between 5 and 2587:
          84
         729
        2417
        1683
        2582
        1798
        1227
         995
        1325
        1228
 
 
 Reset the generator and repeat
 10 random U(0,1):
  0.68006733199581504     
  0.72306491900235415     
  0.92913515074178576     
  0.21534700458869338     
   3.4525691997259855E-002
  0.67681203410029411     
  0.80045049730688334     
  0.37133622542023659     
  0.92346967849880457     
  0.57904626289382577     
 10 random integers between 5 and 2587:
          84
         729
        2417
        1683
        2582
        1798
        1227
         995
        1325
        1228
